[251678,
 60693,
 221770,
 221771,
 221769,
 221768,
 253501,
 253492,
 212920,
 221766,
 38859,
 38858,
 38857,
 38699,
 38698,
 221767,
 95511,
 95557,
 95506,
 95505,
 95501,
 95499,
 212923,
 212919,
 212918,
 140793,
 140511,
 140509,
 140507,
 140506,
 140512,
 221372,
 45385,
 45382,
 45381,
 45380,
 45379,
 45378,
 45377,
 45376,
 45375,
 45374,
 45372,
 45371,
 45370,
 45369,
 45368,
 45366,
 95512,
 221696,
 221694,
 221692,
 221691,
 221428,
 221427,
 221426,
 221425,
 221424,
 221423,
 221422,
 221421,
 221420,
 221419,
 221418,
 221417,
 221416,
 221415,
 221414,
 221413,
 221412,
 221411,
 221410,
 221409,
 221408,
 221407,
 221406,
 221405,
 221404,
 221403,
 221402,
 221401,
 221400,
 221399,
 221107,
 221106,
 221105,
 221104,
 221103,
 221102,
 221101,
 221100,
 221099,
 221098,
 221009,
 221008,
 221397,
 221396,
 221395,
 221394,
 221393,
 221392,
 221391,
 221390,
 221389,
 221388,
 221007,
 221006,
 221005,
 221004,
 221003,
 221002,
 221001,
 221000,
 221385,
 221384,
 221383,
 221382,
 221381,
 221380,
 221379,
 221378,
 221377,
 221386,
 32540,
 221698,
 221697,
 221695,
 221693,
 221690,
 221689,
 131269,
 221373,
 212924,
 252211,
 95659,
 268478,
 268473,
 212216,
 212215,
 144315,
 131658,
 120515,
 120514,
 120513,
 120512,
 120511,
 120510,
 108999,
 104874,
 95494,
 92421,
 68454,
 68453,
 68399,
 68398,
 68397,
 27825,
 27790,
 27697,
 27565,
 27569,
 27570,
 27566,
 60752,
 221363,
 221361,
 221362,
 212217,
 95497,
 131662,
 212925,
 32686,
 32567,
 32509,
 38601,
 38600,
 38598,
 23999,
 8999,
 252061,
 252815,
 252812,
 211536,
 252773,
 252772,
 252770,
 252769,
 252766,
 257080,
 257079,
 257078,
 257077,
 257076,
 257075,
 257074,
 257072,
 257071,
 257070,
 257069,
 257068,
 257066,
 257065,
 257064,
 257062,
 257073,
 131659,
 261084,
 257352,
 104304,
 252774,
 221147,
 252768,
 131660,
 131657,
 27568,
 221872,
 77112,
 77111,
 77110,
 77086,
 38860,
 38697,
 38696,
 45626,
 77109,
 253521,
 253520,
 253519,
 253518,
 253517,
 253516,
 253515,
 253514,
 253513,
 253512,
 253511,
 253510,
 253509,
 253508,
 253507,
 253506,
 253505,
 253504,
 253503,
 253502,
 253500,
 253499,
 253498,
 253497,
 253496,
 253495,
 253494,
 253493,
 253491,
 253490,
 253489,
 253488,
 95507,
 104305,
 104103,
 104102,
 104101,
 104100,
 104099,
 104098,
 104097,
 104096,
 104095,
 104094,
 104020,
 104019,
 104018,
 95517,
 32522,
 32521,
 32520,
 32519,
 104015,
 32929,
 32928,
 32926,
 32924,
 32923,
 32922,
 32792,
 32790,
 32789,
 32788,
 104078,
 32541,
 212953,
 197027,
 32542,
 32543,
 38441,
 38436,
 38626,
 38538,
 38537,
 38539,
 38529,
 38526,
 38252,
 38320,
 38322,
 38318,
 38319,
 38430,
 38429,
 38428,
 38638,
 38613,
 38612,
 38536,
 38453,
 131190,
 104887,
 104886,
 221368,
 77383,
 77384,
 52625,
 38449,
 131191,
 27736,
 95626,
 122481,
 122480,
 122479,
 122478,
 122477,
 122476,
 122475,
 122474,
 122472,
 122471,
 122470,
 122469,
 122468,
 122467,
 122466,
 122465,
 122464,
 122463,
 122462,
 122461,
 122460,
 122459,
 122458,
 122457,
 122456,
 122455,
 122454,
 122453,
 122451,
 122449,
 122448,
 122447,
 122446,
 122445,
 122444,
 122443,
 122442,
 122388,
 122387,
 122386,
 122385,
 122384,
 122383,
 122382,
 122381,
 122380,
 122379,
 122378,
 122377,
 122376,
 122375,
 122374,
 122373,
 122372,
 122371,
 122370,
 122369,
 122452,
 95828,
 38446,
 95382]

